$ANSIBLE_VAULT;1.1;AES256
37373038393566383931623335626331396232353135663135313561666661636166613465313139
3639353132613330396264323264633463396137393432380a633531303562613662613036666138
33643239393236666364616637323765646437343730663539623930396238613736383130396634
3265653739306232360a353466373036313661333132623034343932656134353935623337323230
62646236383836666439343631663032386164643937306230616133666432396337666365313332
64663438386661626431383066383339386236356330383638616137646662643636313066636134
31623630633633383861636464396131323634353830396234363939323036613837613231373162
65653163363962336363353364393631626538636363303039366265373535393433646132353761
39386338623065313264626634613164663332383666393030316562356630373339393831353331
63613339656566663063396463663334666230303532356264653734613234393237393136373838
38346432643963303462386363316163636536356536623666373336336662383935613266613536
31333161633035363638333739663334396662313265653936626636356665323131663563313766
35393437356238306463656339346432633461363730343463393162393964666238653661633366
32653830626436373835383832376433636538393661363364313664346666356634656661383134
33313666343135643135363534623838376135653930616135303931323566343631393461313930
62383463316564626562303061383161323839356462383330366261666632373532626530366635
34636338626338396465663735633464303533623862346334393932333839316434336433653631
64343433653261333261393165643739373138623364393865613534393136343939393131656538
35363232356336356230313132393435336439336338653161353063636164343531626365623534
64386664366537356632396562313934393937393937316539353665666663633433653133656335
66643530356265353162643462656531663265306137633663616431663230353039383164613837
66343363316234653637633536326363613064323566313664663436613536366562316234386433
62343239386230373762616366336433643935663132653638656462633231663133333165343766
62376365346338316239613037323665643463323731303336633436336238643536303262363334
34623566316331386266646261316331393464353563353132316166393631366662313237333734
32396163393539363135306466336137353465653861313433613237613963313237363865366332
37346432383762396561646534303237633466623362616535316662616239343939303761376136
65616634663766323939376563656663303832636637343364323739303730643565636633653135
33643337356563636633316337626534623866336435316533366162303462636564626161663431
38626265626237353031643564353664643132646563626437393235393731326230353363643430
36303236313238666537376533333234646664363139313265376564623264393731373031663338
30323965306364656435323762616638333939333738623436386261383333626563393064313661
37383964663333613762386536373631613838633736326233363933636265386139656133336631
38356636653334336362626664613264643634653430323266386436326236356631363038383330
39336663376131613335643632366431623264353038613463376435343431623332663064613434
36643061653664313135353339303662366162623566346166336433633661336466633130366565
34313162653730323461613038396165323334643932616164356137316232373436353331363931
66383835636538313463326431656238353830373661333734383364666431626566363239636463
64363033326264663165373331393036636135633435353561313430323331366164646638383461
30643131333366366466373966366438376630306438336131363866623333656336393561316334
63326264376536383732376434386263383030306131656639663265656538663133346237636464
34633533633164613337666632306534313537616461613839383665353661343763393434316233
31633662653834613139386564326334323362626332326432393564313834393061313461383335
63306231663837633432313334333438393766316661633236386334386335633931396330383061
38313765653634343237383638393666353534613931623833646630336665383363616531366237
36383438346330643934383432303662616531663034616632643165613763306133326665386633
65366634623731383331393164613834313263353638363433616466636336353262626365323866
65656234663964636664336338616166333066613233613262313566653132373463376461356136
32633263383132303962323135393461313464653632613761303936666637343436643066636538
39313538323065613262316430323265363362666433393061623166653637346432343466303236
30363366346261323364306562656430363134663937356362323737663766373832663063306535
63383435653164316137366562366664383531646462643562626533376130613831313536326434
65333734623137623633616364393764653838663632363637613835656637636436383530643930
66663531653939633464366538616130663465353761393235636565373635306338356233666237
35663066343435313365313661333135626139666430383965383733336636366535343537313564
62633036633763633666313963363132666139343436653739313639383436643131613733636463
32343230306565363135616436623133356137356438633165393039653261626337393761636435
65353336373734613534663264313038303764383461343535623065353764353836633561343934
34366463303736663536366536656531376137333964396239343435643530356366383131303031
30333739653338373461343033313034303762393361363664373437656237333163313435346235
30396137663331343261386137613832333562373862643861343664363137396237393064623866
37386232323133633066336366383665393534326562303738663236663362653132626233353466
35663465353165373630353364396362316439653665623231643834366538643334396365613134
64393166333433663635333336626630633862393637323631636534356231393963353138613534
63323862616161343231373335623663313536356465306161383036306232393265393163356236
61623533333530396439346336333331363839633563663634653533646361323035366639313766
35303561613130386361346561646333353033323330613837373366346538616265383638373236
65636464323664643765383536353939356537663539346264303063656138363837393164653366
33646337623633353435383537653565393963363034333962353933636361316566326132653933
64393135656663333732333539383861353366643766353830383366663930393537323834383236
34656564383035383865313339656265323830396133613134323530343833316236646664343162
32323466623136303435316637333939303035363036623630346162653031633330306635636364
66346362616438336365313435376538393631313036383566643162626663323130326363396666
62663432333330356562373330333633646439323933373433303239353936356364343834326130
66343461373531623832313937626239306330666531393034303264643964313039363564326132
34323838636666666230633035363263343232643433613066653664616662653863366638656336
30626232663438653336613966636530613765376339663162356230333937366534656638653732
39623762626239353166393737323330346634646464316539653937633564646630353461396335
38353961303336303337393462353662653265336330633665393838383466636366356332396433
36363165313832346536663137363436333365393863396566333361643061613330393765333366
66316361343263356165326230316366343134376564393730333036353664656132393230303365
38303465646230343930613838323833393039353462613036643037643339316335393064363361
62336239613431346534626331383863303133353835306461343563663865653232613264663362
61633463303331623331646639383138623063313839306364383933386562306365623232643164
38323836633465323933343364336632396562336334626339346237363032383661396430616664
66373364613163393165313561316333396637313734346162313962623361373138623066626633
65653062383163376233343139376335323836656130373962343566653463623761393936666364
63306464353331643364373032333131626233656462646534646437346238663262663439663935
33626162303862343066623833393362623934643537643234353234393932306339383635343762
65303034333431663732356464393936636534376639323063326633653832393933336337393262
62393433333665353661623333303032323236366537323831373266336264636339363964613037
36313737396434656663326136323639343538643034333537373161316136303665346631333137
65333665363036646263643436323639353039303635393863353363656639646164363933363038
35623966316136623464383062366337353831623765623265643864333263393963316466383634
61326464346565303865393535313463663939303636393036336635383462323265616635366636
38366266393263646661636536653362396266616639663466653234633333306235663638326565
37613239366263626132663039383431643563396635383964663165393537353265363934616364
33643734646633376131383935323137346330386565306337623031306433626165653738613563
62313165346633323265323265393239336339376334666665653538653434303737396436643862
32373531313165356362306362393363396261316130303130333365356530643331626332623330
62316464663231333661623030353161623861653634646466633636373332633266323636643234
65323235343431386666313363626233336231366139646239346461646161626661383131346263
30353832386335386631383930643836363835353563336231643565383139623538333063363465
36383437626265363330663965303365346637366238303365636332383133643761633263303936
30653633333962303739383362666165666430613631393464643931376637363166383030656536
30326135616561663861646234313739616265366639323735393963646432353262336462366561
39306332636566383766666434656238613731303131643239343132333164303832663434666263
31383932333633353835663039313137393335333263626534363133343666336138336265396162
31653138613237653831316437316563313363316462373131653030306130373837623761326236
34346363353935353532613866303861633564333062356639343730643130633262363334643762
36666137343462633232383736313162333366396265393731636261653034646265666134313062
32376539313639346530323737363530616230366132323637306662646532373932373935396561
34353432313433373831393036323230373533626537396435666435346633313537313937346337
39336338633463376637366232636630626365653766646432393234316433666364343639353861
66353337353133393563356664376366316232633231316261386562316363656464393632383832
61303633383062663131623961663565636163313436373465373266316161313632653061353735
30376561663666656635396233326465316365373965623437646562303933316366343735306563
31643165363162396463383138643938626239323837356231656236623438636138366463636332
62386138393636363764633965653437303837326637643835303439393834326634613633633932
37636232303137383532643266326236313964303065386662646665386663656466396235623331
61376638613236336231383330633866383939643230623161343130333435343432386530613038
37326532353231346537346330663636303035653138376437653934623034613539313963613564
33333138396232313733326238333766346630626561353337383437366534343930383533396263
34646466353131313236346262326534353536326338343262636435636564393063336339316439
66626365366561313033643965366165636462323562663839623233303230383539656463626164
33336236613531653333393665613762363666306530636466656564623966626466396538626334
61363437313463623865373037623365383562396133313266306331623338323731373636386136
62636536623930333335313437386563383733316466343934656462636637316234313339323339
36326337316638623461626330323930333664323233643538613338656136306461623435663765
31356163613139633533646338363934313730616235643564626165373535336632396637396139
37333166636532326662366564653737353234396564613162653638653265633831323732333831
31626634323537393037626666653962626639356138623533313332316565653764373737313864
38346436356436623565663135336138636631363335396236623738373339613133613632393837
35386266396365613132393863373032643432666661303066366233333364396664353733346463
31303364333839383861373261326139383231376134653035666237626665386562653833613762
39613534626232306466346439383934623665313936663335626639383064636663653966653166
65656563356132613565383861396133613263656533323862653564366365353639386539313165
3931346338633536646238613130396565653931373334353237
